20
60
3708 4102 9864 8710 5005 7136 1280 7893 3441 1667 3248 1735 1253 646 9794 7994 8853 3621 9973 6063 9391 2511 1864 3894 2850 3187 6398 9470 8984 2972 113 6323 1983 1111 525 5946 1704 7172 6242 6410 8973 9404 4452 8795 1262 4266 5346 7595 149 3179 8308 8188 9006 6159 6666 6873 9397 3996 8739 4880
60
4629 5942 3926 8977 4994 5065 8370 1529 4294 2971 5122 7457 1214 6311 1771 6512 9366 8114 9459 6516 7737 9501 2366 4853 2826 5549 4233 3897 5625 8600 6909 911 7878 9072 469 1958 7270 5252 2299 5356 6313 8375 5274 174 9485 1304 2419 8065 2225 4776 1850 7166 9809 3768 5371 4518 6532 1228 1861 7018
60
6952 6945 6737 3365 9215 1703 9380 4579 4693 6490 8446 7818 6638 4274 1815 952 1124 5753 165 6211 6869 1591 6678 126 7226 2841 648 3061 1049 1677 5558 883 6273 4202 4805 1696 8837 7686 478 4750 8357 4846 9175 5056 1641 8013 1123 3450 9156 1850 2082 7247 2870 4462 5084 3935 77 6005 6130 2127
60
6653 1584 25 8969 9188 5735 1682 6750 1620 2892 7478 593 107 7638 4706 8201 3659 1454 274 3351 6046 300 1838 6826 9177 5873 5055 2507 3762 3491 1396 1834 2676 9882 407 7247 9676 6213 5466 4155 5828 4526 3792 2398 8400 9048 5104 3297 2118 3825 9650 2010 4869 2352 7355 6625 143 3045 698 5418
60
7020 6382 7777 1571 5047 5603 2706 5483 475 2481 7994 7400 9696 9999 5678 4902 3604 2624 3939 749 5813 774 6337 141 6509 6895 2173 3498 1195 9186 9271 9513 1990 3580 9902 9898 7795 1294 8140 7435 8252 6034 8162 7517 8091 6349 3566 7580 2166 9757 1268 7701 8611 9629 8230 7644 8025 1366 5562 1800
60
127 1031 6942 3408 3100 7828 1453 7042 348 8285 2847 7871 562 7082 5641 8237 1618 3702 6384 9709 1080 5627 1809 2291 7282 9567 4352 8775 8615 5730 5908 522 7550 2200 6217 9731 3514 5369 4298 7990 2985 545 7165 8502 9062 9514 4280 4875 9020 7416 5706 3140 432 9126 5332 3400 1295 9045 4594 9220
60
9514 9245 3301 8380 3794 3416 3732 9620 6853 8594 1567 8099 7438 3021 5870 25 3674 6296 2816 5193 9681 4877 7144 1385 9088 7706 9853 4242 2291 8550 5171 7894 4042 9223 8611 4927 2869 2234 9228 6203 392 7407 6549 7951 5017 527 382 1064 9477 6938 5223 4797 5415 2788 3655 9109 4039 6223 1656 3228
60
8760 9704 4942 8567 7705 5105 7938 7748 644 8818 7844 5319 6352 2600 1459 6339 313 3862 3115 2025 7763 1597 2140 9548 9833 5131 5467 1007 6042 6040 3368 4229 9423 2092 3904 7252 2876 7118 4635 3425 7367 9065 6187 2757 1066 9174 563 3328 6202 9720 4318 4459 8826 6479 8040 3907 5886 7714 6100 3677
60
257 6210 5957 8387 6300 353 9714 6371 2667 2070 8938 4510 1346 3196 7543 7253 3738 6893 5401 645 8760 9896 8226 1687 4723 7164 6475 6582 2107 3806 2828 6696 2314 7824 92 1093 9245 574 6103 6535 3421 5251 8960 1064 7134 762 8451 259 843 7135 6913 4469 5947 9649 3819 9265 5456 5563 1069 1537
60
998 7676 2532 2179 8365 2903 220 3151 9307 8640 8775 5247 3468 8691 4187 3790 9425 8710 3467 6841 6714 7180 9222 7211 6295 9199 1525 1267 6022 628 2782 1798 2722 6760 8299 3365 5122 6665 9858 2025 3705 3120 6760 1657 9671 1741 2502 2256 9222 3873 7947 4006 2064 6879 4828 5048 3575 6709 2681 2270
60
6566 3452 8452 7644 1996 930 2372 489 1718 2794 3454 2313 7245 4572 5788 9335 2763 5901 7538 6591 5894 3127 1279 1585 2339 952 7187 2810 6293 8153 6343 4004 3176 8376 9330 2422 8620 4743 3133 1388 3445 9737 9243 3996 5175 7303 4192 81 6041 7451 8059 9861 1147 2048 9316 2739 8425 8617 8114 2500
60
1180 9651 9583 8165 2997 5433 1750 3374 6304 2057 4523 4111 2276 3988 4059 1417 3279 9140 9536 1272 9149 8674 2003 6949 9884 7548 8207 4247 8932 2859 2175 8808 509 5697 1728 7201 1262 766 2121 1139 5873 1203 903 4190 3882 4729 4370 3696 6179 1969 8624 9535 7274 1512 3347 332 4641 8047 7755 448
60
7412 3156 4720 8692 3146 9797 4493 3956 2563 7901 9740 5958 3436 7055 4979 1055 9834 650 3681 3023 5041 7443 1558 9551 4970 5379 2707 8519 6215 1476 4631 5697 387 7683 9917 9755 5779 5313 8926 3467 8882 8740 440 134 1008 8752 5228 5291 4470 4546 150 9904 1638 1151 4535 2760 4216 7454 1151 607
60
3119 7780 5767 6071 236 6849 6250 6331 968 5834 2525 4671 6184 4099 9509 2840 8230 874 8668 283 8727 5270 2898 3124 6531 3731 2555 9918 9538 5204 9658 4277 5039 6307 5927 3884 8682 363 3144 4196 8567 4125 4123 7826 9218 5304 3232 597 107 2991 4321 3961 1963 6680 3643 8926 2098 7078 2329 803
60
2312 7592 7162 7591 247 5697 1918 4736 7223 3023 7458 8523 1607 9471 7500 5645 1957 7240 1972 1533 3815 8051 5286 5772 6195 1681 1106 428 7495 6701 8664 8759 1216 9864 3586 5128 1369 3494 7290 4117 424 2498 4438 5989 7508 2431 5793 3745 251 1 2019 3317 9150 1987 5097 900 65 2413 8963 6207
60
1766 7991 8918 7971 8955 8561 7291 8160 214 8268 5313 6322 127 4406 6038 6408 5572 5463 6969 9370 5343 9139 3479 9124 3998 1592 2285 2549 7886 3625 9211 4155 7537 3687 388 8544 245 2925 4898 302 7808 6709 2043 5925 9838 416 2653 620 1968 144 1792 8273 8049 2882 4848 7571 7907 9996 1886 7078
60
6681 5741 7666 1906 4957 7659 1028 922 2349 6981 2157 7659 5148 2452 9975 1924 1785 9443 4012 3705 7574 2740 5519 6130 5483 3851 322 8311 778 3013 2304 5472 2610 5513 2840 3611 7379 8554 8026 6559 14 1761 7068 763 9297 821 7185 3123 1934 1434 6793 8491 5423 5946 9924 768 6931 7937 7705 8604
60
7817 4967 9474 9966 4302 3096 9650 7519 4491 3647 8645 5603 4766 3513 3357 4803 5766 4856 3275 6643 747 2099 7173 3430 7111 7760 3329 2543 9432 5933 5380 6509 1313 7619 6175 6615 6784 8337 4589 1125 7330 4745 242 7382 5855 7229 9641 3103 1587 3043 2595 7711 4104 573 4648 2402 9915 2704 7563 1525
60
5683 4223 4753 2609 5185 819 9230 3145 1344 7773 664 313 2969 3391 9844 6805 1083 4235 5060 8940 6934 8784 9526 4480 5339 6002 5742 6294 4084 1126 1323 8666 55 1439 7615 2133 262 1594 135 6595 1136 1117 7195 3253 6798 5558 7117 7759 9465 3983 9632 516 5828 7785 9778 7821 6883 3434 4632 1089
60
272 2460 797 2601 3027 1511 6559 8611 2608 7252 7837 1100 1568 1772 9531 1503 4104 5471 473 2990 3143 185 8785 5395 8935 6384 8729 1965 6394 7573 9973 2466 7836 9602 1977 9043 5665 3589 7962 3351 2621 8034 5867 8513 8605 938 349 6145 3800 9293 5385 4329 3142 3837 8698 8023 3665 1013 3358 1388