13
1000 2 1 3 1000 1000 1000 1000 1000 1000 1000 1000 1000
2 1000 2 1000 1000 5 5 1000 1000 1000 1000 1000 1000
1 2 1000 4 1000 5 1000 1000 1000 1000 1000 1000 1000
3 1000 4 1000 5 5 1000 1000 1000 1000 1000 1000 1000
1000 1000 1000 5 1000 6 1000 1000 1000 6 1000 1000 1000
1000 5 5 5 6 1000 6 6 6 6 1000 1000 1000
1000 5 1000 1000 1000 6 1000 6 1000 1000 1000 1000 1000
1000 1000 1000 1000 1000 6 6 1000 7 1000 1000 7 7
1000 1000 1000 1000 1000 6 1000 7 1000 7 7 1000 1000
1000 1000 1000 1000 6 6 1000 1000 7 1000 7 7 1000
1000 1000 1000 1000 1000 1000 1000 1000 7 7 1000 8 1000
1000 1000 1000 1000 1000 1000 1000 7 1000 7 8 1000 8
1000 1000 1000 1000 1000 1000 1000 7 1000 1000 1000 8 1000